1.250000000000000000e+02,4.370385948821112117e-07,2.568694181836552557e-05,0.000000000000000000e+00,1.462022856915368120e-07,1.164438445054896203e-05,0.000000000000000000e+00
3.750000000000000000e+02,9.010739340319200508e-07,4.762342934006240488e-05,0.000000000000000000e+00,1.614495103730256097e-07,7.328560426987360720e-06,0.000000000000000000e+00
6.250000000000000000e+02,1.124100022883728149e-06,8.079470649795601658e-05,0.000000000000000000e+00,1.545462496223008288e-07,7.600249891916001249e-06,0.000000000000000000e+00
8.750000000000000000e+02,1.159653295950740881e-06,1.071515000711496145e-04,0.000000000000000000e+00,1.519064721919008220e-07,7.196563602649520692e-06,0.000000000000000000e+00
1.125000000000000000e+03,1.174495584076285068e-06,1.258744605374432178e-04,0.000000000000000000e+00,1.465166675569080401e-07,7.831466769241280247e-06,0.000000000000000000e+00
1.375000000000000000e+03,1.084815728579246509e-06,1.364514920038072143e-04,0.000000000000000000e+00,1.309409761510839962e-07,9.238171094922001592e-06,0.000000000000000000e+00
1.625000000000000000e+03,1.060021147476068903e-06,1.388451297220592016e-04,0.000000000000000000e+00,1.426750355989349787e-07,9.072755274312401788e-06,0.000000000000000000e+00
1.875000000000000000e+03,9.253617866964945884e-07,1.507427447287608250e-04,0.000000000000000000e+00,1.407669236883553712e-07,8.540156458798800574e-06,0.000000000000000000e+00
2.125000000000000000e+03,8.525288233325249553e-07,1.559917998355288271e-04,0.000000000000000000e+00,1.343406768583211313e-07,7.845361039623360456e-06,0.000000000000000000e+00
2.375000000000000000e+03,8.283444647326729228e-07,1.548982790111416035e-04,0.000000000000000000e+00,1.424438919712477116e-07,7.214997397263921214e-06,0.000000000000000000e+00
2.625000000000000000e+03,8.165897813957930140e-07,1.580691121313480103e-04,0.000000000000000000e+00,1.289375451144290724e-07,6.497967266734417303e-06,0.000000000000000000e+00
2.875000000000000000e+03,7.206585939023856775e-07,1.589888694668560327e-04,0.000000000000000000e+00,1.276710715700129643e-07,5.737414461579856897e-06,0.000000000000000000e+00
3.125000000000000000e+03,6.136954528336984937e-07,1.465602629509832322e-04,0.000000000000000000e+00,1.220860486969323439e-07,5.229796646800528510e-06,0.000000000000000000e+00
3.375000000000000000e+03,5.611284472819521489e-07,1.263216126038064265e-04,0.000000000000000000e+00,1.160762354069771284e-07,4.528321125733416809e-06,0.000000000000000000e+00
3.625000000000000000e+03,5.732531040761360973e-07,1.047788270969088169e-04,0.000000000000000000e+00,1.148804428799218558e-07,4.267558818564624460e-06,0.000000000000000000e+00
3.875000000000000000e+03,5.570842398922504586e-07,8.143764438245921600e-05,0.000000000000000000e+00,1.093395134984548205e-07,4.419639061221560238e-06,0.000000000000000000e+00
4.125000000000000000e+03,4.750450471588360301e-07,5.844291989866880866e-05,0.000000000000000000e+00,1.077768022332848208e-07,4.734471125844064435e-06,0.000000000000000000e+00
4.375000000000000000e+03,4.438783363372248603e-07,3.775013477154216172e-05,0.000000000000000000e+00,1.027721079188848130e-07,4.479465696081904830e-06,0.000000000000000000e+00
4.625000000000000000e+03,3.885439092335152863e-07,2.234209616051072061e-05,0.000000000000000000e+00,1.056637517878932086e-07,4.103707247462592556e-06,0.000000000000000000e+00
4.875000000000000000e+03,3.505757016392136545e-07,1.307566116955472111e-05,0.000000000000000000e+00,1.074222308727207380e-07,3.389446804340520433e-06,0.000000000000000000e+00
5.125000000000000000e+03,3.554248681365184365e-07,8.291292976302161707e-06,0.000000000000000000e+00,9.938830280166305677e-08,3.149086028204424395e-06,0.000000000000000000e+00
5.375000000000000000e+03,3.215174530451928161e-07,6.283649499465096849e-06,0.000000000000000000e+00,8.910656225216065402e-08,2.769498228033592739e-06,0.000000000000000000e+00
5.625000000000000000e+03,3.089572585077237656e-07,5.324689027461056266e-06,0.000000000000000000e+00,9.048875836515152889e-08,2.418287756193320285e-06,0.000000000000000000e+00
5.875000000000000000e+03,2.664216753549340297e-07,4.394660850949688793e-06,0.000000000000000000e+00,8.809272531397536886e-08,2.191965852200872323e-06,0.000000000000000000e+00
6.125000000000000000e+03,2.778038627960235574e-07,4.184715249930248512e-06,0.000000000000000000e+00,8.998212256990000332e-08,2.066657789954762546e-06,0.000000000000000000e+00
6.375000000000000000e+03,2.486848340242833623e-07,3.768970256448408583e-06,0.000000000000000000e+00,8.622259606139961259e-08,1.761886380336271399e-06,0.000000000000000000e+00
6.625000000000000000e+03,2.214595446074853720e-07,3.590003489998112486e-06,0.000000000000000000e+00,8.960507082567218235e-08,1.674033229892601761e-06,0.000000000000000000e+00
6.875000000000000000e+03,2.193068218791067288e-07,3.374046814399712304e-06,0.000000000000000000e+00,8.298868886385792928e-08,1.505829183438615398e-06,0.000000000000000000e+00
7.125000000000000000e+03,2.073744569650916858e-07,3.133047092135576570e-06,0.000000000000000000e+00,7.309797776379121427e-08,1.346570959007674494e-06,0.000000000000000000e+00
7.375000000000000000e+03,1.883388306282797753e-07,3.066861900365912395e-06,0.000000000000000000e+00,8.036113644923233212e-08,1.260315063660840213e-06,0.000000000000000000e+00
7.625000000000000000e+03,1.644743431519091332e-07,2.774241776924288257e-06,0.000000000000000000e+00,8.134248082466265711e-08,1.105618417881797772e-06,0.000000000000000000e+00
7.875000000000000000e+03,1.715866487423906625e-07,2.721635826284056374e-06,0.000000000000000000e+00,6.941681274136137684e-08,1.006514840190164891e-06,0.000000000000000000e+00
8.125000000000000000e+03,1.704384595505556973e-07,2.548531360909864238e-06,0.000000000000000000e+00,6.413291159585025413e-08,9.226338683254969732e-07,0.000000000000000000e+00
8.375000000000000000e+03,1.467349546871797929e-07,2.576011876482000153e-06,0.000000000000000000e+00,6.944962174255248353e-08,8.907038653017931205e-07,0.000000000000000000e+00
8.625000000000000000e+03,1.545854166920703386e-07,2.453764076678728175e-06,0.000000000000000000e+00,6.532644510406960293e-08,8.526334475345192837e-07,0.000000000000000000e+00
8.875000000000000000e+03,1.424729805884440206e-07,2.368002967986656050e-06,0.000000000000000000e+00,5.795337136040057325e-08,8.389529084342737842e-07,0.000000000000000000e+00
9.125000000000000000e+03,1.319434132132265634e-07,2.210439201619792483e-06,0.000000000000000000e+00,5.846275757491664223e-08,8.126373659876931178e-07,0.000000000000000000e+00
9.375000000000000000e+03,1.438494625320553168e-07,2.249838298337872391e-06,0.000000000000000000e+00,5.898244854850656335e-08,7.270512572383896896e-07,0.000000000000000000e+00
9.625000000000000000e+03,1.187288749157174561e-07,2.218404423065160408e-06,0.000000000000000000e+00,5.227239229867864594e-08,6.061970344490069270e-07,0.000000000000000000e+00
9.875000000000000000e+03,1.129453897524858507e-07,2.167786914074232260e-06,0.000000000000000000e+00,5.439710310977800815e-08,5.971010695036825634e-07,0.000000000000000000e+00
