1.250000000000000000e+02,1.628444388078552113e-07,1.203829881953688131e-05,0.000000000000000000e+00,4.080218306973599932e-07,2.516279922010888356e-05,0.000000000000000000e+00
3.750000000000000000e+02,2.010195312844928258e-07,7.842044714584081564e-06,0.000000000000000000e+00,7.915619078693568822e-07,4.499863111182560605e-05,0.000000000000000000e+00
6.250000000000000000e+02,1.887175992044992280e-07,7.957720263867440913e-06,0.000000000000000000e+00,1.016488351843888250e-06,7.705706907413680917e-05,0.000000000000000000e+00
8.750000000000000000e+02,1.746715751057200193e-07,7.461233798934080639e-06,0.000000000000000000e+00,1.074836711343208157e-06,1.026737483049784043e-04,0.000000000000000000e+00
1.125000000000000000e+03,1.715164787982184374e-07,8.215765204798800093e-06,0.000000000000000000e+00,1.007666557503135268e-06,1.210226458913208226e-04,0.000000000000000000e+00
1.375000000000000000e+03,1.615365965188360188e-07,9.786126383115281062e-06,0.000000000000000000e+00,9.878608613496305368e-07,1.297380943147784368e-04,0.000000000000000000e+00
1.625000000000000000e+03,1.539492258666041132e-07,9.782880656774720150e-06,0.000000000000000000e+00,8.991912118411025446e-07,1.328297452739224079e-04,0.000000000000000000e+00
1.875000000000000000e+03,1.600517531069380288e-07,9.178737733880001451e-06,0.000000000000000000e+00,7.635265855866969029e-07,1.423275221549192182e-04,0.000000000000000000e+00
2.125000000000000000e+03,1.562161283168965870e-07,8.488680519859760350e-06,0.000000000000000000e+00,7.806249653531032823e-07,1.445547715764152255e-04,0.000000000000000000e+00
2.375000000000000000e+03,1.532402751292890504e-07,7.763931998236481998e-06,0.000000000000000000e+00,6.903812104238105137e-07,1.422668170406384295e-04,0.000000000000000000e+00
2.625000000000000000e+03,1.603426009100432254e-07,7.098646556079760859e-06,0.000000000000000000e+00,5.930728055604265517e-07,1.429501147780640115e-04,0.000000000000000000e+00
2.875000000000000000e+03,1.464191414541205062e-07,6.472356570254960167e-06,0.000000000000000000e+00,6.393411026451769294e-07,1.407004356197968042e-04,0.000000000000000000e+00
3.125000000000000000e+03,1.335215595025928337e-07,5.571709102591632753e-06,0.000000000000000000e+00,5.164778927294545101e-07,1.287188249043928366e-04,0.000000000000000000e+00
3.375000000000000000e+03,1.342500155720838581e-07,4.890815711283744777e-06,0.000000000000000000e+00,5.049200500055017109e-07,1.106019249667552145e-04,0.000000000000000000e+00
3.625000000000000000e+03,1.287463362127175362e-07,4.514543454822720574e-06,0.000000000000000000e+00,4.173042648044863968e-07,9.122141854529441029e-05,0.000000000000000000e+00
3.875000000000000000e+03,1.320223616730629696e-07,4.832134937951024738e-06,0.000000000000000000e+00,4.304080167218832506e-07,7.024569406455040996e-05,0.000000000000000000e+00
4.125000000000000000e+03,1.260710910285516843e-07,5.399346035172496924e-06,0.000000000000000000e+00,3.841286876835575349e-07,4.930285797365280672e-05,0.000000000000000000e+00
4.375000000000000000e+03,1.291969985412568142e-07,5.298642907228705118e-06,0.000000000000000000e+00,3.278335826479983249e-07,3.146189207330048556e-05,0.000000000000000000e+00
4.625000000000000000e+03,1.282300656484144165e-07,4.948086115157945209e-06,0.000000000000000000e+00,3.383138950133008102e-07,1.852311033966800075e-05,0.000000000000000000e+00
4.875000000000000000e+03,1.270296740207545590e-07,4.332152149201272562e-06,0.000000000000000000e+00,3.075048603602430808e-07,1.038938458990608121e-05,0.000000000000000000e+00
5.125000000000000000e+03,1.100880959175289848e-07,3.999451219077248310e-06,0.000000000000000000e+00,2.703198120836602870e-07,6.326727946428384658e-06,0.000000000000000000e+00
5.375000000000000000e+03,1.061076776611526581e-07,3.585915323058992503e-06,0.000000000000000000e+00,2.562597759569856828e-07,4.712842740112584695e-06,0.000000000000000000e+00
5.625000000000000000e+03,1.201463978641229819e-07,3.327793951362496545e-06,0.000000000000000000e+00,2.225591005044281776e-07,3.898816401653008551e-06,0.000000000000000000e+00
5.875000000000000000e+03,1.149479410958692163e-07,2.950437056118904271e-06,0.000000000000000000e+00,1.835590777203136924e-07,3.236243972612376745e-06,0.000000000000000000e+00
6.125000000000000000e+03,1.071123398380129716e-07,2.566350850574447489e-06,0.000000000000000000e+00,1.875206729125708279e-07,2.820236312904824439e-06,0.000000000000000000e+00
6.375000000000000000e+03,1.049307612170021731e-07,2.413056015905744222e-06,0.000000000000000000e+00,1.603583809749152166e-07,2.582802243495408239e-06,0.000000000000000000e+00
6.625000000000000000e+03,1.076232933157360055e-07,2.264094286594245999e-06,0.000000000000000000e+00,1.709419255200439403e-07,2.435517061665072661e-06,0.000000000000000000e+00
6.875000000000000000e+03,9.977028864150656859e-08,2.182052872652761252e-06,0.000000000000000000e+00,1.605263818798921842e-07,2.205158223623168327e-06,0.000000000000000000e+00
7.125000000000000000e+03,9.370209776195840928e-08,1.928062158266349895e-06,0.000000000000000000e+00,1.234412461095413901e-07,2.006005419599015989e-06,0.000000000000000000e+00
7.375000000000000000e+03,9.816282617273529102e-08,1.839962562554899221e-06,0.000000000000000000e+00,1.432643975820200177e-07,1.957404549879943964e-06,0.000000000000000000e+00
7.625000000000000000e+03,8.224103315734681456e-08,1.628907726222066471e-06,0.000000000000000000e+00,1.088758134319671211e-07,1.780891311447160444e-06,0.000000000000000000e+00
7.875000000000000000e+03,8.776257608033608578e-08,1.517390759801259403e-06,0.000000000000000000e+00,1.076159495163148118e-07,1.593688327795520418e-06,0.000000000000000000e+00
8.125000000000000000e+03,8.491349025100569844e-08,1.421477030835857797e-06,0.000000000000000000e+00,1.050205905268748943e-07,1.665923953616296273e-06,0.000000000000000000e+00
8.375000000000000000e+03,8.809980248471425781e-08,1.426613101515280860e-06,0.000000000000000000e+00,1.151207132729808189e-07,1.618631754953576185e-06,0.000000000000000000e+00
8.625000000000000000e+03,7.798196839470928623e-08,1.381332506735016208e-06,0.000000000000000000e+00,1.134513318387847365e-07,1.467418439202760202e-06,0.000000000000000000e+00
8.875000000000000000e+03,8.445762357056729262e-08,1.260374822808367347e-06,0.000000000000000000e+00,8.936354918927305623e-08,1.352340122820253806e-06,0.000000000000000000e+00
9.125000000000000000e+03,7.147923178125928235e-08,1.107176326063561834e-06,0.000000000000000000e+00,8.531204041517873398e-08,1.253201037889812110e-06,0.000000000000000000e+00
9.375000000000000000e+03,7.515351343056393939e-08,1.117932979594613753e-06,0.000000000000000000e+00,8.303920362802328966e-08,1.308586071424376882e-06,0.000000000000000000e+00
9.625000000000000000e+03,6.836322036440952734e-08,1.019750786078068223e-06,0.000000000000000000e+00,8.222030239360784749e-08,1.311339296498880253e-06,0.000000000000000000e+00
9.875000000000000000e+03,6.820234602135593925e-08,1.005796919790511405e-06,0.000000000000000000e+00,7.280483857248623967e-08,1.166105468687887396e-06,0.000000000000000000e+00
